
# characteristics and parameters - DoDs with relative eq.cycles -same number of n.states
    grid_Capacity = 1.5
    power_Capacity = 2		
    energy_Capacity = 1
    Eff_charge = 0.85
    Eff_discharge = 0.85
    costBattery = 250000
    DoD = 0 5 10 15 20 25 30 35 40 45 50 55 60 65 70 75 80 85 90 95 100
    NCycles = 1500000 450000 180000 75000 36000 22000 15000 10500 8000 6200 5000 4400 3800 3400 3000 2700 2400 2100 1900 1800 1750

    
    #DoD21 = 0 5 10 15 20 25 30 35 40 45 50 55 60 65 70 75 80 85 90 95 100
    #NCycles21 = 1500000 450000 180000 75000 36000 22000 15000 10500 8000 6200 5000 4400 3800 3400 3000 2700 2400 2100 1900 1800 1750
    #DoD5 =    0 25 50 75 100
    #NCycles5 =   1500000 22000 5000 2700 1750
    #DoD11 = 0 10 20 30 40 50 60 70 80 90 100
    #NCycles11 = 1500000 180000 36000 15000 8000 5000 3800 3000 2400 1900 1750




